00000001100000011000000010000000
10000001110000010100000001000000
01000000011000000010000000100000
00100001001100010001000000010000
00010001000110010000100000001000
00001000000011000000010000000100
00000100000001100000001000000010
00000010000000110000000100000001
10000000000000011000000110000000
01000000100000011100000101000000
00100000010000000110000000100000
00010000001000010011000100010000
00001000000100010001100100001000
00000100000010000000110000000100
00000010000001000000011000000010
00000001000000100000001100000001
10000000100000000000000110000001
01000000010000001000000111000001
00100000001000000100000001100000
00010000000100000010000100110001
00001000000010000001000100011001
00000100000001000000100000001100
00000010000000100000010000000110
00000001000000010000001000000011
10000001100000001000000000000001
11000001010000000100000010000001
01100000001000000010000001000000
00110001000100000001000000100001
00011001000010000000100000010001
00001100000001000000010000001000
00000110000000100000001000000100
00000011000000010000000100000010
